3570710
500260
1902135
2376636
3264922
420191
3399102
2291273
2875425
3495053
3573705
929042
3563152
385315
2348646
2805757
3574462
216448
2849694
3453670
2544049
2561040
1494270
1836989
64921
2782
2689810
1539599
3180631
3179885
3203928
2591453
2490390
2768942
3159479
465440
3497573
3489036
3613251
8891
1788
3524689
2571850
3555047
3602926
3589955
2450032
307767
383998
1971294
2116636
3617021
522501
1536722
648842
3554639
4395511
3607743
3611247
2871981
1868714
1980458
2857641
1763477
3611489
2691942
934067
3574145
3589675
2591634
2508241
5081578
2413825
1769705
2778834
5974841
137547
229572
2544540
2722044
1552218
85175
1126387
114
1
1231334
2466851
3489580
1900782
3580298
33249
3270771
2105944
3256901
71659
3512203
2864115
2586316
2478753
2886000
5026630
1517385
8355993
3622532
1868085
1000756
60411
3849210
3660455
1362620
4026369
3872601
3679067
84628
1154967
3852453
790890
4052421
10870680
3619861
3638602
1982024
362874
61287
3694567
3639286
3649285
4809024
4097462
3622046
3835933
954544
3744569
3767920
991643
13230767
3625845
3752702
161557
3950218
3701145
81287
12930813
5218680
2897268
2023987
3671986
2813603
563107
23538
80401
3729059
3299830
791751
626319
6164221
4732328
3691220
1503212
938179
3956592
3845219
3992605
3799860
692011
3977955
986170
3875846
3714900
1360262
3854247
4142132
3714416
11583932
3614170
9045675
2729342
2213293
4152333
857689
3445437
2976327
4093421
1582160
116892
3967120
3862246
3978011
3654017
5080031
3868116
2132955
2353584
3803491
3667232
1973900
497714
4176705
81664